0.000000 	 0.000000 
0.001000 	 0.049751 
0.002000 	 0.099007 
0.003000 	 0.147772 
0.004000 	 0.196053 
0.005000 	 0.243853 
0.006000 	 0.291177 
0.007000 	 0.338031 
0.008000 	 0.384418 
0.009000 	 0.430344 
0.010000 	 0.475813 
0.011000 	 0.520829 
0.012000 	 0.565398 
0.013000 	 0.609523 
0.014000 	 0.653209 
0.015000 	 0.696460 
0.016000 	 0.739281 
0.017000 	 0.781676 
0.018000 	 0.823649 
0.019000 	 0.865204 
0.020000 	 0.906346 
0.021000 	 0.947079 
0.022000 	 0.987406 
0.023000 	 1.027332 
0.024000 	 1.066861 
0.025000 	 1.105996 
0.026000 	 1.144742 
0.027000 	 1.183103 
0.028000 	 1.221081 
0.029000 	 1.258682 
0.030000 	 1.295909 
0.031000 	 1.332765 
0.032000 	 1.369255 
0.033000 	 1.405381 
0.034000 	 1.441148 
0.035000 	 1.476560 
0.036000 	 1.511618 
0.037000 	 1.546328 
0.038000 	 1.580693 
0.039000 	 1.614716 
0.040000 	 1.648400 
0.041000 	 1.681749 
0.042000 	 1.714766 
0.043000 	 1.747455 
0.044000 	 1.779818 
0.045000 	 1.811859 
0.046000 	 1.843582 
0.047000 	 1.874989 
0.048000 	 1.906083 
0.049000 	 1.936868 
0.050000 	 1.967347 
0.051000 	 1.997522 
0.052000 	 2.027397 
0.053000 	 2.056975 
0.054000 	 2.086259 
0.055000 	 2.115251 
0.056000 	 2.143955 
0.057000 	 2.172373 
0.058000 	 2.200508 
0.059000 	 2.228364 
0.060000 	 2.255942 
0.061000 	 2.283246 
0.062000 	 2.310278 
0.063000 	 2.337041 
0.064000 	 2.363538 
0.065000 	 2.389771 
0.066000 	 2.415743 
0.067000 	 2.441457 
0.068000 	 2.466915 
0.069000 	 2.492120 
0.070000 	 2.517074 
0.071000 	 2.541779 
0.072000 	 2.566239 
0.073000 	 2.590455 
0.074000 	 2.614430 
0.075000 	 2.638167 
0.076000 	 2.661668 
0.077000 	 2.684935 
0.078000 	 2.707970 
0.079000 	 2.730776 
0.080000 	 2.753355 
0.081000 	 2.775710 
0.082000 	 2.797842 
0.083000 	 2.819754 
0.084000 	 2.841447 
0.085000 	 2.862925 
0.086000 	 2.884190 
0.087000 	 2.905242 
0.088000 	 2.926086 
0.089000 	 2.946721 
0.090000 	 2.967152 
0.091000 	 2.987379 
0.092000 	 3.007405 
0.093000 	 3.027232 
0.094000 	 3.046861 
0.095000 	 3.066295 
0.096000 	 3.085536 
0.097000 	 3.104585 
0.098000 	 3.123445 
0.099000 	 3.142117 
0.100000 	 3.160603 
0.101000 	 3.178905 
0.102000 	 3.197025 
0.103000 	 3.214965 
0.104000 	 3.232727 
0.105000 	 3.250311 
0.106000 	 3.267721 
0.107000 	 3.284957 
0.108000 	 3.302022 
0.109000 	 3.318918 
0.110000 	 3.335645 
0.111000 	 3.352205 
0.112000 	 3.368601 
0.113000 	 3.384834 
0.114000 	 3.400905 
0.115000 	 3.416816 
0.116000 	 3.432569 
0.117000 	 3.448165 
0.118000 	 3.463606 
0.119000 	 3.478894 
0.120000 	 3.494029 
0.121000 	 3.509014 
0.122000 	 3.523849 
0.123000 	 3.538537 
0.124000 	 3.553079 
0.125000 	 3.567476 
0.126000 	 3.581730 
0.127000 	 3.595842 
0.128000 	 3.609814 
0.129000 	 3.623646 
0.130000 	 3.637341 
0.131000 	 3.650900 
0.132000 	 3.664324 
0.133000 	 3.677614 
0.134000 	 3.690772 
0.135000 	 3.703799 
0.136000 	 3.716696 
0.137000 	 3.729465 
0.138000 	 3.742107 
0.139000 	 3.754624 
0.140000 	 3.767015 
0.141000 	 3.779284 
0.142000 	 3.791430 
0.143000 	 3.803455 
0.144000 	 3.815361 
0.145000 	 3.827149 
0.146000 	 3.838819 
0.147000 	 3.850373 
0.148000 	 3.861812 
0.149000 	 3.873137 
0.150000 	 3.884349 
0.151000 	 3.895450 
0.152000 	 3.906441 
0.153000 	 3.917322 
0.154000 	 3.928095 
0.155000 	 3.938760 
0.156000 	 3.949320 
0.157000 	 3.959774 
0.158000 	 3.970125 
0.159000 	 3.980372 
0.160000 	 3.990517 
0.161000 	 4.000562 
0.162000 	 4.010507 
0.163000 	 4.020352 
0.164000 	 4.030100 
0.165000 	 4.039751 
0.166000 	 4.049305 
0.167000 	 4.058765 
0.168000 	 4.068130 
0.169000 	 4.077402 
0.170000 	 4.086582 
0.171000 	 4.095671 
0.172000 	 4.104669 
0.173000 	 4.113578 
0.174000 	 4.122398 
0.175000 	 4.131130 
0.176000 	 4.139776 
0.177000 	 4.148335 
0.178000 	 4.156809 
0.179000 	 4.165199 
0.180000 	 4.173506 
0.181000 	 4.181729 
0.182000 	 4.189871 
0.183000 	 4.197932 
0.184000 	 4.205913 
0.185000 	 4.213814 
0.186000 	 4.221637 
0.187000 	 4.229382 
0.188000 	 4.237050 
0.189000 	 4.244641 
0.190000 	 4.252157 
0.191000 	 4.259598 
0.192000 	 4.266965 
0.193000 	 4.274259 
0.194000 	 4.281480 
0.195000 	 4.288630 
0.196000 	 4.295708 
0.197000 	 4.302716 
0.198000 	 4.309654 
0.199000 	 4.316523 
0.200000 	 4.323324 
0.201000 	 4.330057 
0.202000 	 4.336723 
0.203000 	 4.343322 
0.204000 	 4.349857 
0.205000 	 4.356326 
0.206000 	 4.362730 
0.207000 	 4.369071 
0.208000 	 4.375349 
0.209000 	 4.381564 
0.210000 	 4.387718 
0.211000 	 4.393810 
0.212000 	 4.399842 
0.213000 	 4.405814 
0.214000 	 4.411726 
0.215000 	 4.417579 
0.216000 	 4.423374 
0.217000 	 4.429112 
0.218000 	 4.434792 
0.219000 	 4.440416 
0.220000 	 4.445984 
0.221000 	 4.451497 
0.222000 	 4.456955 
0.223000 	 4.462358 
0.224000 	 4.467708 
0.225000 	 4.473004 
0.226000 	 4.478248 
0.227000 	 4.483439 
0.228000 	 4.488579 
0.229000 	 4.493668 
0.230000 	 4.498706 
0.231000 	 4.503694 
0.232000 	 4.508632 
0.233000 	 4.513521 
0.234000 	 4.518362 
0.235000 	 4.523154 
0.236000 	 4.527899 
0.237000 	 4.532596 
0.238000 	 4.537247 
0.239000 	 4.541852 
0.240000 	 4.546410 
0.241000 	 4.550924 
0.242000 	 4.555392 
0.243000 	 4.559816 
0.244000 	 4.564196 
0.245000 	 4.568532 
0.246000 	 4.572825 
0.247000 	 4.577076 
0.248000 	 4.581284 
0.249000 	 4.585450 
0.250000 	 4.589575 
0.251000 	 4.593659 
0.252000 	 4.597702 
0.253000 	 4.601705 
0.254000 	 4.605668 
0.255000 	 4.609592 
0.256000 	 4.613476 
0.257000 	 4.617322 
0.258000 	 4.621130 
0.259000 	 4.624900 
0.260000 	 4.628632 
0.261000 	 4.632327 
0.262000 	 4.635986 
0.263000 	 4.639608 
0.264000 	 4.643194 
0.265000 	 4.646744 
0.266000 	 4.650259 
0.267000 	 4.653739 
0.268000 	 4.657184 
0.269000 	 4.660595 
0.270000 	 4.663972 
0.271000 	 4.667316 
0.272000 	 4.670626 
0.273000 	 4.673904 
0.274000 	 4.677148 
0.275000 	 4.680361 
0.276000 	 4.683541 
0.277000 	 4.686690 
0.278000 	 4.689807 
0.279000 	 4.692894 
0.280000 	 4.695950 
0.281000 	 4.698975 
0.282000 	 4.701970 
0.283000 	 4.704936 
0.284000 	 4.707872 
0.285000 	 4.710778 
0.286000 	 4.713656 
0.287000 	 4.716505 
0.288000 	 4.719326 
0.289000 	 4.722119 
0.290000 	 4.724884 
0.291000 	 4.727621 
0.292000 	 4.730332 
0.293000 	 4.733015 
0.294000 	 4.735671 
0.295000 	 4.738302 
0.296000 	 4.740905 
0.297000 	 4.743483 
0.298000 	 4.746036 
0.299000 	 4.748563 
0.300000 	 4.751065 
0.301000 	 4.753542 
0.302000 	 4.755994 
0.303000 	 4.758422 
0.304000 	 4.760826 
0.305000 	 4.763205 
0.306000 	 4.765562 
0.307000 	 4.767894 
0.308000 	 4.770204 
0.309000 	 4.772490 
0.310000 	 4.774754 
0.311000 	 4.776995 
0.312000 	 4.779214 
0.313000 	 4.781411 
0.314000 	 4.783586 
0.315000 	 4.785739 
0.316000 	 4.787871 
0.317000 	 4.789982 
0.318000 	 4.792072 
0.319000 	 4.794141 
0.320000 	 4.796189 
0.321000 	 4.798217 
0.322000 	 4.800225 
0.323000 	 4.802213 
0.324000 	 4.804181 
0.325000 	 4.806129 
0.326000 	 4.808058 
0.327000 	 4.809968 
0.328000 	 4.811859 
0.329000 	 4.813731 
0.330000 	 4.815584 
0.331000 	 4.817419 
0.332000 	 4.819236 
0.333000 	 4.821034 
0.334000 	 4.822815 
0.335000 	 4.824578 
0.336000 	 4.826324 
0.337000 	 4.828052 
0.338000 	 4.829763 
0.339000 	 4.831457 
0.340000 	 4.833134 
0.341000 	 4.834794 
0.342000 	 4.836438 
0.343000 	 4.838065 
0.344000 	 4.839677 
0.345000 	 4.841272 
0.346000 	 4.842851 
0.347000 	 4.844415 
0.348000 	 4.845963 
0.349000 	 4.847496 
0.350000 	 4.849013 
0.351000 	 4.850515 
0.352000 	 4.852003 
0.353000 	 4.853475 
0.354000 	 4.854933 
0.355000 	 4.856377 
0.356000 	 4.857806 
0.357000 	 4.859221 
0.358000 	 4.860622 
0.359000 	 4.862008 
0.360000 	 4.863381 
0.361000 	 4.864741 
0.362000 	 4.866087 
0.363000 	 4.867419 
0.364000 	 4.868738 
0.365000 	 4.870044 
0.366000 	 4.871337 
0.367000 	 4.872618 
0.368000 	 4.873885 
0.369000 	 4.875140 
0.370000 	 4.876382 
0.371000 	 4.877612 
0.372000 	 4.878830 
0.373000 	 4.880036 
0.374000 	 4.881230 
0.375000 	 4.882411 
0.376000 	 4.883581 
0.377000 	 4.884740 
0.378000 	 4.885887 
0.379000 	 4.887022 
0.380000 	 4.888146 
0.381000 	 4.889259 
0.382000 	 4.890361 
0.383000 	 4.891452 
0.384000 	 4.892532 
0.385000 	 4.893601 
0.386000 	 4.894660 
0.387000 	 4.895708 
0.388000 	 4.896746 
0.389000 	 4.897773 
0.390000 	 4.898790 
0.391000 	 4.899798 
0.392000 	 4.900795 
0.393000 	 4.901782 
0.394000 	 4.902759 
0.395000 	 4.903727 
0.396000 	 4.904684 
0.397000 	 4.905633 
0.398000 	 4.906572 
0.399000 	 4.907501 
0.400000 	 4.908422 
0.401000 	 4.909333 
0.402000 	 4.910235 
0.403000 	 4.911128 
0.404000 	 4.912013 
0.405000 	 4.912888 
0.406000 	 4.913755 
0.407000 	 4.914613 
0.408000 	 4.915463 
0.409000 	 4.916304 
0.410000 	 4.917137 
0.411000 	 4.917961 
0.412000 	 4.918777 
0.413000 	 4.919586 
0.414000 	 4.920386 
0.415000 	 4.921178 
0.416000 	 4.921962 
0.417000 	 4.922739 
0.418000 	 4.923507 
0.419000 	 4.924269 
0.420000 	 4.925022 
0.421000 	 4.925768 
0.422000 	 4.926507 
0.423000 	 4.927238 
0.424000 	 4.927962 
0.425000 	 4.928679 
0.426000 	 4.929389 
0.427000 	 4.930091 
0.428000 	 4.930787 
0.429000 	 4.931475 
0.430000 	 4.932157 
0.431000 	 4.932832 
0.432000 	 4.933501 
0.433000 	 4.934162 
0.434000 	 4.934817 
0.435000 	 4.935466 
0.436000 	 4.936108 
0.437000 	 4.936744 
0.438000 	 4.937373 
0.439000 	 4.937996 
0.440000 	 4.938613 
0.441000 	 4.939224 
0.442000 	 4.939829 
0.443000 	 4.940428 
0.444000 	 4.941020 
0.445000 	 4.941607 
0.446000 	 4.942188 
0.447000 	 4.942763 
0.448000 	 4.943333 
0.449000 	 4.943897 
0.450000 	 4.944455 
0.451000 	 4.945008 
0.452000 	 4.945555 
0.453000 	 4.946097 
0.454000 	 4.946633 
0.455000 	 4.947164 
0.456000 	 4.947690 
0.457000 	 4.948210 
0.458000 	 4.948726 
0.459000 	 4.949236 
0.460000 	 4.949741 
0.461000 	 4.950241 
0.462000 	 4.950736 
0.463000 	 4.951226 
0.464000 	 4.951712 
0.465000 	 4.952192 
0.466000 	 4.952668 
0.467000 	 4.953139 
0.468000 	 4.953605 
0.469000 	 4.954067 
0.470000 	 4.954524 
0.471000 	 4.954976 
0.472000 	 4.955424 
0.473000 	 4.955868 
0.474000 	 4.956307 
0.475000 	 4.956742 
0.476000 	 4.957172 
0.477000 	 4.957598 
0.478000 	 4.958020 
0.479000 	 4.958438 
0.480000 	 4.958851 
0.481000 	 4.959261 
0.482000 	 4.959666 
0.483000 	 4.960067 
0.484000 	 4.960465 
0.485000 	 4.960858 
0.486000 	 4.961248 
0.487000 	 4.961633 
0.488000 	 4.962015 
0.489000 	 4.962393 
0.490000 	 4.962767 
0.491000 	 4.963138 
0.492000 	 4.963504 
0.493000 	 4.963867 
0.494000 	 4.964227 
0.495000 	 4.964583 
0.496000 	 4.964935 
0.497000 	 4.965284 
0.498000 	 4.965630 
0.499000 	 4.965972 
