0 0.000000
1 0.000249
2 0.000493
3 0.000733
4 0.000967
5 0.001197
6 0.001422
7 0.001642
8 0.001859
9 0.002070
10 0.002277
11 0.002480
12 0.002678
13 0.002872
14 0.003062
15 0.003248
16 0.003430
17 0.003608
18 0.003782
19 0.003953
20 0.004119
21 0.004282
22 0.004441
23 0.004597
24 0.004748
25 0.004897
26 0.005042
27 0.005183
28 0.005323
29 0.005458
30 0.005589
31 0.005718
32 0.005843
33 0.005966
34 0.006086
35 0.006202
36 0.006316
37 0.006427
38 0.006534
39 0.006639
40 0.006741
41 0.006841
42 0.006938
43 0.007032
44 0.007124
45 0.007214
46 0.007300
47 0.007384
48 0.007466
49 0.007546
50 0.007623
51 0.007698
52 0.007771
53 0.007841
54 0.007909
55 0.007975
56 0.008039
57 0.008101
58 0.008161
59 0.008219
60 0.008275
61 0.008329
62 0.008381
63 0.008431
64 0.008480
65 0.008526
66 0.008571
67 0.008614
68 0.008656
69 0.008695
70 0.008734
71 0.008770
72 0.008804
73 0.008838
74 0.008870
75 0.008900
76 0.008928
77 0.008955
78 0.008981
79 0.009006
80 0.009029
81 0.009050
82 0.009070
83 0.009089
84 0.009108
85 0.009124
86 0.009139
87 0.009154
88 0.009167
89 0.009178
90 0.009188
91 0.009198
92 0.009206
93 0.009214
94 0.009219
95 0.009225
96 0.009228
97 0.009232
98 0.009234
99 0.009235
100 0.009235
101 0.009235
102 0.009234
103 0.009231
104 0.009227
105 0.009223
106 0.009218
107 0.009213
108 0.009206
109 0.009198
110 0.009190
111 0.009181
112 0.009171
113 0.009161
114 0.009150
115 0.009138
116 0.009126
117 0.009113
118 0.009099
119 0.009084
120 0.009069
121 0.009053
122 0.009037
123 0.009021
124 0.009003
125 0.008985
126 0.008967
127 0.008948
128 0.008929
129 0.008908
130 0.008888
131 0.008866
132 0.008846
133 0.008823
134 0.008801
135 0.008778
136 0.008755
137 0.008732
138 0.008708
139 0.008684
140 0.008659
141 0.008633
142 0.008608
143 0.008582
144 0.008556
145 0.008529
146 0.008502
147 0.008475
148 0.008447
149 0.008420
150 0.008392
151 0.008364
152 0.008335
153 0.008306
154 0.008277
155 0.008248
156 0.008218
157 0.008188
158 0.008158
159 0.008128
160 0.008098
161 0.008067
162 0.008035
163 0.008005
164 0.007973
165 0.007943
166 0.007911
167 0.007879
168 0.007847
169 0.007815
170 0.007783
171 0.007751
172 0.007718
173 0.007685
174 0.007653
175 0.007620
176 0.007587
177 0.007554
178 0.007521
179 0.007488
180 0.007454
181 0.007422
182 0.007388
183 0.007354
184 0.007321
185 0.007287
186 0.007253
187 0.007219
188 0.007186
189 0.007152
190 0.007118
191 0.007084
192 0.007050
193 0.007016
194 0.006983
195 0.006948
196 0.006914
197 0.006880
198 0.006846
199 0.006812
200 0.006778
201 0.006744
202 0.006710
203 0.006676
204 0.006642
205 0.006608
206 0.006574
207 0.006540
208 0.006506
209 0.006472
210 0.006438
211 0.006404
212 0.006370
213 0.006336
214 0.006303
215 0.006269
216 0.006236
217 0.006202
218 0.006169
219 0.006135
220 0.006101
221 0.006068
222 0.006035
223 0.006001
224 0.005968
225 0.005935
226 0.005901
227 0.005869
228 0.005836
229 0.005803
230 0.005770
231 0.005737
232 0.005705
233 0.005672
234 0.005640
235 0.005608
236 0.005575
237 0.005543
238 0.005511
239 0.005478
240 0.005447
241 0.005414
242 0.005383
243 0.005351
244 0.005320
245 0.005288
246 0.005257
247 0.005225
248 0.005194
249 0.005164
250 0.005132
251 0.005101
252 0.005071
253 0.005040
254 0.005010
255 0.004979
256 0.004949
257 0.004919
258 0.004888
259 0.004858
260 0.004829
261 0.004799
262 0.004769
263 0.004739
264 0.004710
265 0.004681
266 0.004651
267 0.004622
268 0.004594
269 0.004565
270 0.004536
271 0.004507
272 0.004479
273 0.004450
274 0.004422
275 0.004394
276 0.004366
277 0.004338
278 0.004311
279 0.004283
280 0.004255
281 0.004228
282 0.004201
283 0.004173
284 0.004146
285 0.004120
286 0.004093
287 0.004066
288 0.004040
289 0.004013
290 0.003987
291 0.003961
292 0.003934
293 0.003909
294 0.003883
295 0.003858
296 0.003832
297 0.003807
298 0.003781
299 0.003756
300 0.003731
301 0.003706
302 0.003681
303 0.003656
304 0.003632
305 0.003608
306 0.003583
307 0.003559
308 0.003535
309 0.003511
310 0.003487
311 0.003464
312 0.003440
313 0.003417
314 0.003394
315 0.003371
316 0.003348
317 0.003325
318 0.003301
319 0.003279
320 0.003257
321 0.003234
322 0.003212
323 0.003189
324 0.003167
325 0.003146
326 0.003124
327 0.003102
328 0.003080
329 0.003059
330 0.003038
331 0.003017
332 0.002996
333 0.002975
334 0.002954
335 0.002933
336 0.002912
337 0.002892
338 0.002872
339 0.002851
340 0.002831
341 0.002811
342 0.002791
343 0.002772
344 0.002752
345 0.002732
346 0.002713
347 0.002694
348 0.002675
349 0.002655
350 0.002637
351 0.002618
352 0.002599
353 0.002581
354 0.002562
355 0.002543
356 0.002525
357 0.002507
358 0.002489
359 0.002472
360 0.002454
361 0.002435
362 0.002418
363 0.002401
364 0.002383
365 0.002366
366 0.002349
367 0.002331
368 0.002315
369 0.002298
370 0.002281
371 0.002265
372 0.002248
373 0.002231
374 0.002215
375 0.002199
376 0.002183
377 0.002166
378 0.002150
379 0.002135
380 0.002119
381 0.002104
382 0.002088
383 0.002073
384 0.002057
385 0.002042
386 0.002027
387 0.002012
388 0.001997
389 0.001982
390 0.001968
391 0.001953
392 0.001938
393 0.001924
394 0.001909
395 0.001896
396 0.001882
397 0.001867
398 0.001853
399 0.001840
400 0.001825
401 0.001812
402 0.001798
403 0.001785
404 0.001771
405 0.001758
406 0.001745
407 0.001732
408 0.001718
409 0.001705
410 0.001692
411 0.001680
412 0.001668
413 0.001654
414 0.001642
415 0.001629
416 0.001617
417 0.001605
418 0.001593
419 0.001580
420 0.001569
421 0.001557
422 0.001544
423 0.001533
424 0.001521
425 0.001509
426 0.001498
427 0.001487
428 0.001475
429 0.001464
430 0.001453
431 0.001442
432 0.001430
433 0.001420
434 0.001409
435 0.001398
436 0.001387
437 0.001376
438 0.001366
439 0.001355
440 0.001345
441 0.001334
442 0.001324
443 0.001313
444 0.001304
445 0.001294
446 0.001284
447 0.001274
448 0.001264
449 0.001254
450 0.001244
451 0.001234
452 0.001225
453 0.001215
454 0.001206
455 0.001196
456 0.001187
457 0.001178
458 0.001168
459 0.001159
460 0.001150
461 0.001141
462 0.001132
463 0.001124
464 0.001114
465 0.001106
466 0.001097
467 0.001088
468 0.001080
469 0.001071
470 0.001063
471 0.001055
472 0.001047
473 0.001038
474 0.001030
475 0.001022
476 0.001014
477 0.001006
478 0.000998
479 0.000990
480 0.000983
481 0.000974
482 0.000967
483 0.000960
484 0.000951
485 0.000944
486 0.000936
487 0.000929
488 0.000922
489 0.000914
490 0.000907
491 0.000899
492 0.000893
493 0.000886
494 0.000879
495 0.000872
496 0.000865
497 0.000858
498 0.000851
499 0.000844
