0 0.000000
1 0.500492
2 0.497945
3 0.496034
4 0.493234
5 0.490869
6 0.488363
7 0.485754
8 0.483588
9 0.481011
10 0.478549
11 0.476164
12 0.473649
13 0.471188
14 0.468763
15 0.466358
16 0.463964
17 0.461572
18 0.459176
19 0.456886
20 0.454462
21 0.452127
22 0.449764
23 0.447470
24 0.445044
25 0.442768
26 0.440449
27 0.438085
28 0.435925
29 0.433628
30 0.431280
31 0.429033
32 0.426728
33 0.424511
34 0.422302
35 0.420030
36 0.417830
37 0.415630
38 0.413363
39 0.411156
40 0.408942
41 0.406779
42 0.404603
43 0.402414
44 0.400266
45 0.398155
46 0.395968
47 0.393816
48 0.391693
49 0.389598
50 0.387476
51 0.385377
52 0.383299
53 0.381191
54 0.379100
55 0.377024
56 0.374961
57 0.372910
58 0.370869
59 0.368836
60 0.366809
61 0.364788
62 0.362770
63 0.360755
64 0.358784
65 0.356771
66 0.354798
67 0.352822
68 0.350884
69 0.348900
70 0.346990
71 0.345034
72 0.343070
73 0.341176
74 0.339271
75 0.337355
76 0.335429
77 0.333528
78 0.331651
79 0.329796
80 0.327927
81 0.326043
82 0.324178
83 0.322333
84 0.320541
85 0.318695
86 0.316865
87 0.315086
88 0.313285
89 0.311465
90 0.309657
91 0.307895
92 0.306111
93 0.304371
94 0.302574
95 0.300852
96 0.299073
97 0.297367
98 0.295635
99 0.293910
100 0.292191
101 0.290509
102 0.288831
103 0.287126
104 0.285425
105 0.283757
106 0.282093
107 0.280460
108 0.278799
109 0.277139
110 0.275509
111 0.273879
112 0.272250
113 0.270648
114 0.269046
115 0.267442
116 0.265865
117 0.264285
118 0.262703
119 0.261117
120 0.259557
121 0.257993
122 0.256453
123 0.254936
124 0.253386
125 0.251859
126 0.250354
127 0.248843
128 0.247354
129 0.245830
130 0.244354
131 0.242844
132 0.241409
133 0.239911
134 0.238460
135 0.237000
136 0.235559
137 0.234135
138 0.232703
139 0.231288
140 0.229864
141 0.228430
142 0.227038
143 0.225637
144 0.224251
145 0.222855
146 0.221474
147 0.220109
148 0.218732
149 0.217395
150 0.216046
151 0.214712
152 0.213366
153 0.212033
154 0.210713
155 0.209406
156 0.208086
157 0.206779
158 0.205485
159 0.204202
160 0.202931
161 0.201647
162 0.200349
163 0.199112
164 0.197836
165 0.196621
166 0.195367
167 0.194123
168 0.192890
169 0.191666
170 0.190453
171 0.189249
172 0.188030
173 0.186820
174 0.185644
175 0.184453
176 0.183271
177 0.182097
178 0.180932
179 0.179775
180 0.178603
181 0.177486
182 0.176330
183 0.175181
184 0.174064
185 0.172931
186 0.171805
187 0.170687
188 0.169599
189 0.168495
190 0.167397
191 0.166307
192 0.165223
193 0.164145
194 0.163098
195 0.162010
196 0.160951
197 0.159899
198 0.158853
199 0.157812
200 0.156778
201 0.155749
202 0.154725
203 0.153707
204 0.152695
205 0.151687
206 0.150685
207 0.149689
208 0.148697
209 0.147710
210 0.146728
211 0.145750
212 0.144778
213 0.143810
214 0.142869
215 0.141910
216 0.140978
217 0.140028
218 0.139105
219 0.138163
220 0.137225
221 0.136314
222 0.135406
223 0.134480
224 0.133581
225 0.132685
226 0.131770
227 0.130904
228 0.130019
229 0.129137
230 0.128259
231 0.127384
232 0.126535
233 0.125667
234 0.124824
235 0.123984
236 0.123126
237 0.122292
238 0.121461
239 0.120612
240 0.119809
241 0.118965
242 0.118168
243 0.117351
244 0.116559
245 0.115748
246 0.114962
247 0.114156
248 0.113374
249 0.112617
250 0.111819
251 0.111044
252 0.110294
253 0.109525
254 0.108779
255 0.108014
256 0.107273
257 0.106534
258 0.105775
259 0.105040
260 0.104329
261 0.103598
262 0.102869
263 0.102142
264 0.101439
265 0.100737
266 0.100016
267 0.099318
268 0.098643
269 0.097949
270 0.097256
271 0.096565
272 0.095897
273 0.095209
274 0.094545
275 0.093882
276 0.093220
277 0.092560
278 0.091923
279 0.091266
280 0.090610
281 0.089977
282 0.089346
283 0.088694
284 0.088065
285 0.087459
286 0.086833
287 0.086208
288 0.085605
289 0.084983
290 0.084383
291 0.083784
292 0.083165
293 0.082590
294 0.081995
295 0.081422
296 0.080828
297 0.080257
298 0.079666
299 0.079098
300 0.078530
301 0.077963
302 0.077397
303 0.076832
304 0.076289
305 0.075747
306 0.075185
307 0.074645
308 0.074106
309 0.073567
310 0.073030
311 0.072514
312 0.071978
313 0.071464
314 0.070951
315 0.070438
316 0.069927
317 0.069416
318 0.068885
319 0.068396
320 0.067908
321 0.067400
322 0.066914
323 0.066407
324 0.065922
325 0.065458
326 0.064974
327 0.064491
328 0.064009
329 0.063547
330 0.063087
331 0.062627
332 0.062168
333 0.061709
334 0.061251
335 0.060793
336 0.060336
337 0.059900
338 0.059465
339 0.059009
340 0.058575
341 0.058141
342 0.057708
343 0.057296
344 0.056863
345 0.056431
346 0.056021
347 0.055610
348 0.055201
349 0.054771
350 0.054382
351 0.053974
352 0.053566
353 0.053178
354 0.052771
355 0.052364
356 0.051978
357 0.051593
358 0.051207
359 0.050843
360 0.050459
361 0.050054
362 0.049691
363 0.049328
364 0.048945
365 0.048583
366 0.048221
367 0.047839
368 0.047498
369 0.047137
370 0.046776
371 0.046437
372 0.046077
373 0.045717
374 0.045378
375 0.045039
376 0.044701
377 0.044342
378 0.044004
379 0.043687
380 0.043350
381 0.043033
382 0.042696
383 0.042380
384 0.042044
385 0.041728
386 0.041412
387 0.041097
388 0.040782
389 0.040467
390 0.040173
391 0.039859
392 0.039545
393 0.039251
394 0.038937
395 0.038664
396 0.038371
397 0.038058
398 0.037766
399 0.037494
400 0.037181
401 0.036909
402 0.036617
403 0.036346
404 0.036054
405 0.035783
406 0.035513
407 0.035242
408 0.034951
409 0.034681
410 0.034410
411 0.034160
412 0.033911
413 0.033621
414 0.033371
415 0.033102
416 0.032853
417 0.032604
418 0.032355
419 0.032086
420 0.031858
421 0.031609
422 0.031341
423 0.031113
424 0.030865
425 0.030617
426 0.030389
427 0.030162
428 0.029914
429 0.029687
430 0.029460
431 0.029233
432 0.028986
433 0.028779
434 0.028552
435 0.028326
436 0.028099
437 0.027873
438 0.027667
439 0.027440
440 0.027234
441 0.027008
442 0.026803
443 0.026577
444 0.026391
445 0.026186
446 0.025980
447 0.025775
448 0.025570
449 0.025365
450 0.025159
451 0.024954
452 0.024770
453 0.024565
454 0.024380
455 0.024175
456 0.023991
457 0.023807
458 0.023602
459 0.023418
460 0.023234
461 0.023049
462 0.022865
463 0.022701
464 0.022497
465 0.022334
466 0.022150
467 0.021966
468 0.021802
469 0.021619
470 0.021455
471 0.021292
472 0.021128
473 0.020945
474 0.020782
475 0.020618
476 0.020455
477 0.020292
478 0.020129
479 0.019966
480 0.019823
481 0.019640
482 0.019497
483 0.019355
484 0.019172
485 0.019029
486 0.018866
487 0.018724
488 0.018581
489 0.018419
490 0.018276
491 0.018114
492 0.017991
493 0.017849
494 0.017707
495 0.017564
496 0.017422
497 0.017280
498 0.017138
499 0.016996
