0.000000	 0.000000
0.001000	 0.049750
0.002000	 0.099005
0.003000	 0.147770
0.004000	 0.196050
0.005000	 0.243849
0.006000	 0.291173
0.007000	 0.338025
0.008000	 0.384412
0.009000	 0.430337
0.010000	 0.475805
0.011000	 0.520821
0.012000	 0.565389
0.013000	 0.609513
0.014000	 0.653199
0.015000	 0.696449
0.016000	 0.739270
0.017000	 0.781664
0.018000	 0.823636
0.019000	 0.865191
0.020000	 0.906332
0.021000	 0.947064
0.022000	 0.987391
0.023000	 1.027317
0.024000	 1.066845
0.025000	 1.105980
0.026000	 1.144725
0.027000	 1.183085
0.028000	 1.221064
0.029000	 1.258664
0.030000	 1.295890
0.031000	 1.332746
0.032000	 1.369235
0.033000	 1.405361
0.034000	 1.441128
0.035000	 1.476539
0.036000	 1.511597
0.037000	 1.546307
0.038000	 1.580671
0.039000	 1.614693
0.040000	 1.648377
0.041000	 1.681726
0.042000	 1.714743
0.043000	 1.747431
0.044000	 1.779794
0.045000	 1.811835
0.046000	 1.843557
0.047000	 1.874964
0.048000	 1.906058
0.049000	 1.936843
0.050000	 1.967321
0.051000	 1.997496
0.052000	 2.027371
0.053000	 2.056949
0.054000	 2.086232
0.055000	 2.115224
0.056000	 2.143928
0.057000	 2.172346
0.058000	 2.200481
0.059000	 2.228336
0.060000	 2.255914
0.061000	 2.283218
0.062000	 2.310250
0.063000	 2.337013
0.064000	 2.363510
0.065000	 2.389743
0.066000	 2.415715
0.067000	 2.441428
0.068000	 2.466886
0.069000	 2.492091
0.070000	 2.517044
0.071000	 2.541750
0.072000	 2.566209
0.073000	 2.590426
0.074000	 2.614401
0.075000	 2.638137
0.076000	 2.661638
0.077000	 2.684905
0.078000	 2.707940
0.079000	 2.730746
0.080000	 2.753325
0.081000	 2.775679
0.082000	 2.797811
0.083000	 2.819723
0.084000	 2.841417
0.085000	 2.862895
0.086000	 2.884159
0.087000	 2.905212
0.088000	 2.926055
0.089000	 2.946691
0.090000	 2.967121
0.091000	 2.987348
0.092000	 3.007374
0.093000	 3.027201
0.094000	 3.046830
0.095000	 3.066264
0.096000	 3.085505
0.097000	 3.104554
0.098000	 3.123414
0.099000	 3.142086
0.100000	 3.160572
0.101000	 3.178874
0.102000	 3.196994
0.103000	 3.214934
0.104000	 3.232696
0.105000	 3.250280
0.106000	 3.267690
0.107000	 3.284927
0.108000	 3.301992
0.109000	 3.318887
0.110000	 3.335614
0.111000	 3.352174
0.112000	 3.368570
0.113000	 3.384803
0.114000	 3.400874
0.115000	 3.416786
0.116000	 3.432539
0.117000	 3.448135
0.118000	 3.463576
0.119000	 3.478863
0.120000	 3.493999
0.121000	 3.508983
0.122000	 3.523819
0.123000	 3.538507
0.124000	 3.553049
0.125000	 3.567446
0.126000	 3.581700
0.127000	 3.595812
0.128000	 3.609784
0.129000	 3.623616
0.130000	 3.637311
0.131000	 3.650870
0.132000	 3.664294
0.133000	 3.677584
0.134000	 3.690742
0.135000	 3.703769
0.136000	 3.716667
0.137000	 3.729436
0.138000	 3.742078
0.139000	 3.754594
0.140000	 3.766986
0.141000	 3.779255
0.142000	 3.791401
0.143000	 3.803427
0.144000	 3.815333
0.145000	 3.827120
0.146000	 3.838790
0.147000	 3.850344
0.148000	 3.861783
0.149000	 3.873109
0.150000	 3.884321
0.151000	 3.895422
0.152000	 3.906413
0.153000	 3.917294
0.154000	 3.928067
0.155000	 3.938733
0.156000	 3.949292
0.157000	 3.959747
0.158000	 3.970097
0.159000	 3.980345
0.160000	 3.990490
0.161000	 4.000535
0.162000	 4.010480
0.163000	 4.020325
0.164000	 4.030073
0.165000	 4.039724
0.166000	 4.049279
0.167000	 4.058738
0.168000	 4.068104
0.169000	 4.077376
0.170000	 4.086556
0.171000	 4.095645
0.172000	 4.104643
0.173000	 4.113552
0.174000	 4.122372
0.175000	 4.131105
0.176000	 4.139750
0.177000	 4.148310
0.178000	 4.156784
0.179000	 4.165174
0.180000	 4.173481
0.181000	 4.181704
0.182000	 4.189846
0.183000	 4.197908
0.184000	 4.205888
0.185000	 4.213790
0.186000	 4.221613
0.187000	 4.229357
0.188000	 4.237025
0.189000	 4.244617
0.190000	 4.252133
0.191000	 4.259574
0.192000	 4.266942
0.193000	 4.274235
0.194000	 4.281457
0.195000	 4.288606
0.196000	 4.295685
0.197000	 4.302693
0.198000	 4.309631
0.199000	 4.316500
0.200000	 4.323301
0.201000	 4.330034
0.202000	 4.336700
0.203000	 4.343300
0.204000	 4.349834
0.205000	 4.356303
0.206000	 4.362708
0.207000	 4.369049
0.208000	 4.375327
0.209000	 4.381543
0.210000	 4.387696
0.211000	 4.393789
0.212000	 4.399820
0.213000	 4.405792
0.214000	 4.411705
0.215000	 4.417558
0.216000	 4.423353
0.217000	 4.429091
0.218000	 4.434772
0.219000	 4.440396
0.220000	 4.445964
0.221000	 4.451476
0.222000	 4.456934
0.223000	 4.462338
0.224000	 4.467687
0.225000	 4.472984
0.226000	 4.478228
0.227000	 4.483419
0.228000	 4.488559
0.229000	 4.493648
0.230000	 4.498686
0.231000	 4.503674
0.232000	 4.508613
0.233000	 4.513502
0.234000	 4.518343
0.235000	 4.523135
0.236000	 4.527880
0.237000	 4.532578
0.238000	 4.537229
0.239000	 4.541833
0.240000	 4.546392
0.241000	 4.550905
0.242000	 4.555374
0.243000	 4.559798
0.244000	 4.564178
0.245000	 4.568514
0.246000	 4.572808
0.247000	 4.577058
0.248000	 4.581266
0.249000	 4.585433
0.250000	 4.589558
0.251000	 4.593642
0.252000	 4.597685
0.253000	 4.601688
0.254000	 4.605651
0.255000	 4.609575
0.256000	 4.613460
0.257000	 4.617306
0.258000	 4.621114
0.259000	 4.624883
0.260000	 4.628616
0.261000	 4.632311
0.262000	 4.635970
0.263000	 4.639592
0.264000	 4.643178
0.265000	 4.646728
0.266000	 4.650243
0.267000	 4.653723
0.268000	 4.657169
0.269000	 4.660580
0.270000	 4.663957
0.271000	 4.667301
0.272000	 4.670611
0.273000	 4.673889
0.274000	 4.677133
0.275000	 4.680346
0.276000	 4.683526
0.277000	 4.686675
0.278000	 4.689793
0.279000	 4.692880
0.280000	 4.695935
0.281000	 4.698961
0.282000	 4.701956
0.283000	 4.704922
0.284000	 4.707858
0.285000	 4.710765
0.286000	 4.713642
0.287000	 4.716492
0.288000	 4.719313
0.289000	 4.722105
0.290000	 4.724871
0.291000	 4.727608
0.292000	 4.730318
0.293000	 4.733002
0.294000	 4.735658
0.295000	 4.738289
0.296000	 4.740893
0.297000	 4.743471
0.298000	 4.746023
0.299000	 4.748550
0.300000	 4.751052
0.301000	 4.753529
0.302000	 4.755982
0.303000	 4.758410
0.304000	 4.760813
0.305000	 4.763193
0.306000	 4.765549
0.307000	 4.767882
0.308000	 4.770192
0.309000	 4.772478
0.310000	 4.774742
0.311000	 4.776984
0.312000	 4.779203
0.313000	 4.781400
0.314000	 4.783575
0.315000	 4.785728
0.316000	 4.787860
0.317000	 4.789971
0.318000	 4.792061
0.319000	 4.794130
0.320000	 4.796178
0.321000	 4.798206
0.322000	 4.800214
0.323000	 4.802202
0.324000	 4.804170
0.325000	 4.806118
0.326000	 4.808048
0.327000	 4.809957
0.328000	 4.811848
0.329000	 4.813720
0.330000	 4.815574
0.331000	 4.817409
0.332000	 4.819226
0.333000	 4.821024
0.334000	 4.822805
0.335000	 4.824568
0.336000	 4.826314
0.337000	 4.828042
0.338000	 4.829753
0.339000	 4.831447
0.340000	 4.833124
0.341000	 4.834785
0.342000	 4.836428
0.343000	 4.838056
0.344000	 4.839667
0.345000	 4.841263
0.346000	 4.842842
0.347000	 4.844406
0.348000	 4.845954
0.349000	 4.847487
0.350000	 4.849004
0.351000	 4.850507
0.352000	 4.851994
0.353000	 4.853467
0.354000	 4.854925
0.355000	 4.856368
0.356000	 4.857797
0.357000	 4.859212
0.358000	 4.860613
0.359000	 4.862000
0.360000	 4.863373
0.361000	 4.864733
0.362000	 4.866078
0.363000	 4.867411
0.364000	 4.868730
0.365000	 4.870036
0.366000	 4.871330
0.367000	 4.872610
0.368000	 4.873877
0.369000	 4.875132
0.370000	 4.876375
0.371000	 4.877605
0.372000	 4.878823
0.373000	 4.880028
0.374000	 4.881222
0.375000	 4.882404
0.376000	 4.883574
0.377000	 4.884732
0.378000	 4.885879
0.379000	 4.887015
0.380000	 4.888139
0.381000	 4.889252
0.382000	 4.890354
0.383000	 4.891445
0.384000	 4.892525
0.385000	 4.893594
0.386000	 4.894653
0.387000	 4.895701
0.388000	 4.896739
0.389000	 4.897767
0.390000	 4.898784
0.391000	 4.899791
0.392000	 4.900788
0.393000	 4.901775
0.394000	 4.902752
0.395000	 4.903720
0.396000	 4.904678
0.397000	 4.905627
0.398000	 4.906566
0.399000	 4.907495
0.400000	 4.908416
0.401000	 4.909327
0.402000	 4.910229
0.403000	 4.911122
0.404000	 4.912007
0.405000	 4.912882
0.406000	 4.913749
0.407000	 4.914607
0.408000	 4.915457
0.409000	 4.916298
0.410000	 4.917131
0.411000	 4.917955
0.412000	 4.918772
0.413000	 4.919580
0.414000	 4.920380
0.415000	 4.921172
0.416000	 4.921957
0.417000	 4.922733
0.418000	 4.923502
0.419000	 4.924263
0.420000	 4.925017
0.421000	 4.925763
0.422000	 4.926502
0.423000	 4.927233
0.424000	 4.927957
0.425000	 4.928674
0.426000	 4.929383
0.427000	 4.930086
0.428000	 4.930782
0.429000	 4.931470
0.430000	 4.932152
0.431000	 4.932827
0.432000	 4.933496
0.433000	 4.934157
0.434000	 4.934813
0.435000	 4.935461
0.436000	 4.936103
0.437000	 4.936739
0.438000	 4.937369
0.439000	 4.937992
0.440000	 4.938609
0.441000	 4.939220
0.442000	 4.939824
0.443000	 4.940423
0.444000	 4.941016
0.445000	 4.941603
0.446000	 4.942184
0.447000	 4.942759
0.448000	 4.943329
0.449000	 4.943893
0.450000	 4.944451
0.451000	 4.945004
0.452000	 4.945551
0.453000	 4.946093
0.454000	 4.946629
0.455000	 4.947160
0.456000	 4.947686
0.457000	 4.948206
0.458000	 4.948722
0.459000	 4.949232
0.460000	 4.949737
0.461000	 4.950237
0.462000	 4.950732
0.463000	 4.951222
0.464000	 4.951708
0.465000	 4.952188
0.466000	 4.952664
0.467000	 4.953135
0.468000	 4.953601
0.469000	 4.954063
0.470000	 4.954520
0.471000	 4.954973
0.472000	 4.955421
0.473000	 4.955864
0.474000	 4.956303
0.475000	 4.956738
0.476000	 4.957169
0.477000	 4.957595
0.478000	 4.958017
0.479000	 4.958434
0.480000	 4.958848
0.481000	 4.959257
0.482000	 4.959663
0.483000	 4.960064
0.484000	 4.960462
0.485000	 4.960855
0.486000	 4.961244
0.487000	 4.961630
0.488000	 4.962012
0.489000	 4.962390
0.490000	 4.962764
0.491000	 4.963135
0.492000	 4.963501
0.493000	 4.963864
0.494000	 4.964224
0.495000	 4.964580
0.496000	 4.964932
0.497000	 4.965281
0.498000	 4.965627
0.499000	 4.965969
